[Source: Wikipedia-stream | Part 5]
# Llandough, Penarth

[-3.1938628, 51.454756],
            [-3.1941778, 51.4549713],
            [-3.1942579, 51.4551162],
            [-3.194267, 51.4552977],
            [-3.1942658, 51.4553067],
            [-3.1942457, 51.4555308],
            [-3.194159, 51.4557952],
            [-3.1938354, 51.4562445],
            [-3.1937445, 51.456347],
            [-3.1936582, 51.4564576],
            [-3.1934667, 51.4566196],
            [-3.193378, 51.4567527],
            [-3.1933234, 51.4568674],
            [-3.193265, 51.4570533],
            [-3.1932614, 51.4573042],
            [-3.1932527, 51.4574113],
            [-3.1933029, 51.457516],
            [-3.193372, 51.457625],
            [-3.1934166, 51.4576812],
            [-3.1934962, 51.4577514],
            [-3.1935872, 51.4578179],
            [-3.1936253, 51.4578445],
            [-3.1937215, 51.4578912],
            [-3.1938072, 51.45792],
            [-3.1951416, 51.4581007],
            [-3.1954649, 51.4581261],
            [-3.1958303, 51.458116],
            [-3.1963643, 51.4580081],
            [-3.1965331, 51.4579119],
            [-3.1968807, 51.457609],
            [-3.196999, 51.4573982],
            [-3.197019, 51.4571723],
            [-3.1969422, 51.456933],
            [-3.1966413, 51.4564344],
            [-3.1963504, 51.4562107],
            [-3.1962529, 51.4561137],
            [-3.1962105, 51.4558138],
            [-3.1962156, 51.455678],
            [-3.196378, 51.4555594],
            [-3.1965294, 51.4555147],
            [-3.1968491, 51.4554665],
            [-3.1969989, 51.4554713],
            [-3.1971426, 51.4555157],
            [-3.1972865, 51.4555708],
            [-3.1977598, 51.4557261],
            [-3.1983613, 51.4559969],
            [-3.1992474, 51.4563052],
            [-3.1997008, 51.4564714],
            [-3.1997226, 51.4564793],
            [-3.1998032, 51.4565351],
            [-3.1998855, 51.4565999],
            [-3.2001516, 51.4570882],
            [-3.2002667, 51.4573603],
            [-3.2003915, 51.4575614],
            [-3.2005145, 51.4576977],
            [-3.2006685, 51.4578607],
            [-3.2010305, 51.457999],
            [-3.2012876, 51.4580342],
            [-3.2019117, 51.4581204],
            [-3.2022422, 51.4581548],
            [-3.2026144, 51.45824],
            [-3.2029068, 51.4584132],
            [-3.2029922, 51.458487],
            [-3.2030121, 51.4585317],
            [-3.2031101, 51.4584039],
            [-3.2032443, 51.4583571],
            [-3.2035286, 51.4584607],
            [-3.2036627, 51.4585175],
            [-3.2038826, 51.4585075],
            [-3.2042152, 51.4583805],
            [-3.2046497, 51.4583437],
            [-3.2049287, 51.4583871],
            [-3.2052184, 51.4584974],
            [-3.2053203, 51.4585777],
            [-3.2054705, 51.4586445],
            [-3.2055402, 51.4586044],
            [-3.2056743, 51.4586144],
            [-3.2057709, 51.4586712],
            [-3.205846, 51.4586679],
            [-3.2059265, 51.4586846],
            [-3.2059533, 51.4587414],
            [-3.2062215, 51.4589286],
            [-3.2063663, 51.4589687],
            [-3.2064629, 51.458932],
            [-3.2067043, 51.4589386],
            [-3.2070154, 51.458962],
            [-3.2070798, 51.458942],
            [-3.2071227, 51.4589386],
            [-3.20723, 51.4589587],
            [-3.2073051, 51.4589453],
            [-3.2073749, 51.4589219],
            [-3.2077075, 51.458932],
            [-3.2079059, 51.4589052],
            [-3.2080025, 51.4588651],
            [-3.2080669, 51.4588083],
            [-3.2081742, 51.4587481],
            [-3.2082654, 51.4586211],
            [-3.2084209, 51.4585375],
            [-3.2085443, 51.4583938],
            [-3.2087213, 51.4582668],
            [-3.2088769, 51.4581164],
            [-3.2089896, 51.4579326],
            [-3.2091398, 51.4578924],
            [-3.2092631, 51.4577955],
            [-3.2094187, 51.4577922],
            [-3.209467, 51.4577287],
            [-3.209585, 51.4576585],
            [-3.209703, 51.4576117],
            [-3.2099283, 51.4575649],
            [-3.2100732, 51.4575181],
            [-3.2101965, 51.4574847],
            [-3.210159, 51.457244],
            [-3.2101268, 51.4567192],
            [-3.2101161, 51.4563649],
            [-3.2100732, 51.4560741],
            [-3.2097352, 51.4559404],
            [-3.2093651, 51.4557498],
            [-3.2084853, 51.455556],
            [-3.2074446, 51.4552819],
            [-3.2070409, 51.4551975],
            [-3.2061665, 51.4549317],
            [-3.2064079, 51.4547027],
            [-3.206534, 51.454554],
            [-3.2065876, 51.4544186],
            [-3.2065098, 51.4542983],
            [-3.2064777, 51.4538303],
            [-3.206483, 51.4536046],
            [-3.2065206, 51.4534358],
            [-3.2065447, 51.453267],
            [-3.2069658, 51.4533606],
            [-3.2072019, 51.4533924],
            [-3.2078402, 51.4534208],
            [-3.2081809